[(9, 13), (4, 27), (18, 23), (1, 29), (2, 28), (8, 14), (16, 25), (7, 15), (17, 24), (5, 26)]
[(9, 13), (4, 27), (18, 23), (1, 29), (2, 28), (17, 24), (16, 25), (7, 15), (8, 14), (5, 26)]
[(9, 13), (4, 27), (18, 23), (1, 29), (2, 28), (17, 24), (16, 25), (8, 14), (7, 15), (5, 26)]
[(9, 13), (4, 27), (18, 23), (1, 29), (7, 15), (2, 28), (8, 14), (16, 25), (17, 24), (5, 26)]
[(9, 13), (4, 27), (18, 23), (1, 29), (16, 25), (2, 28), (17, 24), (8, 14), (7, 15), (5, 26)]
[(9, 13), (1, 29), (18, 23), (7, 15), (2, 28), (16, 25), (4, 27), (17, 24), (5, 26), (8, 14)]
[(9, 13), (18, 23), (4, 27), (1, 29), (2, 28), (17, 24), (16, 25), (8, 14), (7, 15), (5, 26)]
[(4, 27), (18, 23), (1, 29), (2, 28), (9, 13), (8, 14), (17, 24), (16, 25), (7, 15), (5, 26)]
[(4, 27), (18, 23), (1, 29), (2, 28), (9, 13), (8, 14), (17, 24), (16, 25), (5, 26), (7, 15)]
[(4, 27), (18, 23), (1, 29), (9, 13), (2, 28), (17, 24), (16, 25), (8, 14), (7, 15), (5, 26)]
[(4, 27), (9, 13), (18, 23), (8, 14), (1, 29), (2, 28), (7, 15), (17, 24), (16, 25), (5, 26)]
[(4, 27), (1, 29), (18, 23), (9, 13), (2, 28), (17, 24), (7, 15), (8, 14), (16, 25), (5, 26)]
[(4, 27), (18, 23), (9, 13), (1, 29), (2, 28), (8, 14), (7, 15), (16, 25), (17, 24), (5, 26)]
[(4, 27), (18, 23), (9, 13), (1, 29), (2, 28), (8, 14), (7, 15), (5, 26), (16, 25), (17, 24)]
[(4, 27), (18, 23), (9, 13), (1, 29), (2, 28), (17, 24), (16, 25), (8, 14), (5, 26), (7, 15)]
[(4, 27), (18, 23), (9, 13), (1, 29), (17, 24), (7, 15), (8, 14), (16, 25), (2, 28), (5, 26)]
[(4, 27), (18, 23), (9, 13), (1, 29), (17, 24), (16, 25), (2, 28), (5, 26), (8, 14), (7, 15)]
[(4, 27), (18, 23), (9, 13), (2, 28), (1, 29), (17, 24), (16, 25), (8, 14), (7, 15), (5, 26)]
[(4, 27), (18, 23), (9, 13), (1, 29), (17, 24), (16, 25), (2, 28), (8, 14), (7, 15), (5, 26)]
[(4, 27), (18, 23), (8, 14), (1, 29), (9, 13), (7, 15), (2, 28), (17, 24), (16, 25), (5, 26)]
[(4, 27), (18, 23), (9, 13), (1, 29), (17, 24), (16, 25), (2, 28), (8, 14), (7, 15), (5, 26)]
[(4, 27), (18, 23), (7, 15), (2, 28), (1, 29), (9, 13), (8, 14), (17, 24), (16, 25), (5, 26)]
[(4, 27), (18, 23), (9, 13), (1, 29), (17, 24), (16, 25), (2, 28), (7, 15), (8, 14), (5, 26)]
[(4, 27), (18, 23), (9, 13), (1, 29), (5, 26), (2, 28), (17, 24), (16, 25), (8, 14), (7, 15)]
[(4, 27), (18, 23), (9, 13), (1, 29), (2, 28), (16, 25), (17, 24), (8, 14), (7, 15), (5, 26)]
[(4, 27), (18, 23), (9, 13), (1, 29), (17, 24), (16, 25), (2, 28), (7, 15), (8, 14), (5, 26)]
[(4, 27), (18, 23), (9, 13), (7, 15), (8, 14), (16, 25), (1, 29), (2, 28), (17, 24), (5, 26)]
[(4, 27), (18, 23), (9, 13), (1, 29), (17, 24), (8, 14), (16, 25), (7, 15), (5, 26), (2, 28)]
[(4, 27), (18, 23), (9, 13), (1, 29), (16, 25), (17, 24), (5, 26), (2, 28), (8, 14), (7, 15)]
[(4, 27), (18, 23), (9, 13), (1, 29), (17, 24), (16, 25), (2, 28), (5, 26), (8, 14), (7, 15)]
[(4, 27), (9, 13), (18, 23), (1, 29), (17, 24), (16, 25), (2, 28), (5, 26), (8, 14), (7, 15)]
[(4, 27), (18, 23), (9, 13), (1, 29), (17, 24), (8, 14), (16, 25), (7, 15), (2, 28), (5, 26)]
[(4, 27), (18, 23), (9, 13), (1, 29), (17, 24), (16, 25), (2, 28), (5, 26), (8, 14), (7, 15)]
[(4, 27), (18, 23), (9, 13), (1, 29), (17, 24), (16, 25), (2, 28), (5, 26), (8, 14), (7, 15)]
[(4, 27), (9, 13), (18, 23), (17, 24), (1, 29), (16, 25), (7, 15), (8, 14), (2, 28), (5, 26)]
[(4, 27), (18, 23), (9, 13), (1, 29), (5, 26), (17, 24), (16, 25), (2, 28), (8, 14), (7, 15)]
[(4, 27), (18, 23), (9, 13), (1, 29), (17, 24), (16, 25), (2, 28), (5, 26), (8, 14), (7, 15)]
[(4, 27), (18, 23), (9, 13), (1, 29), (17, 24), (16, 25), (2, 28), (5, 26), (8, 14), (7, 15)]
[(4, 27), (18, 23), (9, 13), (1, 29), (17, 24), (16, 25), (2, 28), (5, 26), (8, 14), (7, 15)]
[(4, 27), (18, 23), (9, 13), (1, 29), (17, 24), (16, 25), (2, 28), (5, 26), (8, 14), (7, 15)]
[(4, 27), (18, 23), (9, 13), (1, 29), (17, 24), (16, 25), (2, 28), (5, 26), (8, 14), (7, 15)]
[(4, 27), (18, 23), (9, 13), (1, 29), (17, 24), (16, 25), (2, 28), (5, 26), (8, 14), (7, 15)]
[(18, 23), (1, 29), (2, 28), (7, 15), (4, 27), (17, 24), (16, 25), (9, 13), (8, 14), (5, 26)]
[(18, 23), (1, 29), (2, 28), (4, 27), (9, 13), (17, 24), (16, 25), (7, 15), (8, 14), (5, 26)]
[(18, 23), (1, 29), (2, 28), (4, 27), (9, 13), (17, 24), (16, 25), (8, 14), (7, 15), (5, 26)]
[(18, 23), (9, 13), (4, 27), (1, 29), (2, 28), (17, 24), (16, 25), (8, 14), (7, 15), (5, 26)]
[(18, 23), (4, 27), (9, 13), (1, 29), (5, 26), (2, 28), (17, 24), (16, 25), (8, 14), (7, 15)]
[(18, 23), (4, 27), (9, 13), (1, 29), (2, 28), (17, 24), (16, 25), (8, 14), (7, 15), (5, 26)]
[(18, 23), (4, 27), (9, 13), (7, 15), (17, 24), (1, 29), (16, 25), (2, 28), (8, 14), (5, 26)]
[(18, 23), (4, 27), (9, 13), (1, 29), (17, 24), (16, 25), (2, 28), (8, 14), (7, 15), (5, 26)]